latitud 	longitud	ondulacion
-0.215145	-78.493594	27.472
-0.203396	-78.328534	27.524
0.000207	-78.428426	26.857
-0.041358	-78.593676	27.239
-0.1082	-78.530869	27.7
-0.083505	-78.541611	27.702
-0.194658	-78.493367	27.541
-0.184206	-78.498155	27.598
-0.129677	-78.518752	27.72
-0.107541	-78.527209	27.798
-0.086423	-78.537642	27.786
0.009263	-78.481949	27.282
0.008795	-78.500217	27.3
0.004826	-78.415756	27.037
-0.006933	-78.419077	27.044
-0.007782	-78.455647	27.153
0.006772	-78.463151	27.19
-0.00525	-78.466432	27.217
0.002787	-78.498312	27.322
-0.004921	-78.497101	27.364
0.022272	-78.496439	27.236
0.016637	-78.497991	27.264
0.022056	-78.46403	27.219
0.030751	-78.40833	27.025
-0.19163	-78.487231	27.492
-0.19234	-78.477593	27.59
-0.178977	-78.491255	27.572
-0.176432	-78.483902	27.512
-0.151846	-78.501997	27.673
-0.148701	-78.493529	27.598
-0.12565	-78.512792	27.683
-0.123484	-78.505643	27.665
-0.102143	-78.522378	27.746
-0.081901	-78.531208	27.739
-0.078147	-78.524487	27.694
-0.188182	-78.469933	27.407
-0.183511	-78.464236	27.474
-0.160886	-78.481926	27.465
-0.132054	-78.492828	27.58
-0.124738	-78.486968	27.544
-0.118378	-78.490448	27.603
-0.103189	-78.504908	27.699
-0.100263	-78.498488	27.637
-0.076929	-78.516291	27.691
-0.073491	-78.510575	27.58
-0.180174	-78.455541	27.338
-0.069092	-78.504429	27.507
-0.0763	-78.491259	27.51
-0.095306	-78.494158	27.544
-0.090711	-78.487521	27.454
-0.113628	-78.486266	27.564
-0.121194	-78.482071	27.552
-0.118779	-78.475644	27.476
-0.14696	-78.471596	27.406
-0.143283	-78.465568	27.379
-0.165666	-78.464938	27.385
-0.059942	-78.484721	27.336
-0.075452	-78.485956	27.518
-0.089072	-78.479446	27.473
-0.087411	-78.473738	27.404
-0.113603	-78.469875	27.422
-0.111345	-78.464165	27.392
-0.139825	-78.459937	27.366
-0.13618	-78.454614	27.349
-0.165329	-78.450321	27.266
-0.164391	-78.442092	27.27
-0.065912	-78.475221	27.319
-0.062981	-78.468635	27.34
-0.07608	-78.471374	27.29
-0.073294	-78.464098	27.265
-0.09422	-78.463652	27.388
-0.093256	-78.458371	27.383
-0.114806	-78.455756	27.358
-0.113186	-78.449309	27.279
-0.138116	-78.44486	27.249
-0.136502	-78.439839	27.227
-0.166244	-78.433375	27.223
-0.16314	-78.428312	27.176
-0.156544	-78.415675	27.091
-0.136565	-78.433767	27.203
-0.133809	-78.425296	27.114
-0.114057	-78.44161	27.219
-0.111681	-78.433413	27.204
-0.093622	-78.448184	27.29
-0.091476	-78.440931	27.233
-0.069382	-78.457128	27.226
-0.066774	-78.448629	27.204
-0.26137	-78.312599	27.976
-0.261398	-78.333	27.653
-0.264043	-78.324748	27.779
-0.257846	-78.344602	27.603
-0.259556	-78.336295	27.675
-0.235449	-78.331387	27.632
-0.237416	-78.325153	27.686
-0.221359	-78.316241	27.752
-0.213402	-78.311792	27.725
-0.202201	-78.313919	27.676
-0.252229	-78.357428	27.495
-0.255454	-78.3518	27.53
-0.240184	-78.351511	27.491
-0.244096	-78.346045	27.54
-0.212385	-78.336224	27.501
-0.214815	-78.330267	27.555
-0.201785	-78.320792	27.594
-0.185764	-78.320252	27.528
-0.189303	-78.31552	27.599
-0.247285	-78.369496	27.432
-0.248654	-78.363979	27.463
-0.216443	-78.353686	27.365
-0.219483	-78.347438	27.429
-0.191388	-78.34008	27.38
-0.193713	-78.33307	27.463
-0.179512	-78.326568	27.461
-0.165693	-78.325833	27.427
-0.168484	-78.32093	27.482
-0.245478	-78.374458	27.371
-0.138244	-78.33559	27.304
-0.141612	-78.328927	27.315
-0.165332	-78.350301	27.23
-0.168148	-78.344541	27.298
-0.18963	-78.36319	27.218
-0.19166	-78.359191	27.244
-0.209578	-78.376227	27.263
-0.211937	-78.370582	27.254
-0.227322	-78.387655	27.249
-0.230296	-78.381482	27.281
-0.227083	-78.424146	27.358
-0.228379	-78.417937	27.214
-0.216625	-78.419361	27.152
-0.21988	-78.413817	27.205
-0.199112	-78.400905	27.158
-0.192084	-78.40493	27.136
-0.174962	-78.387127	27.151
-0.167395	-78.389463	27.126
-0.144294	-78.377575	27.067
-0.14778	-78.372451	27.101
-0.12321	-78.366871	26.977
-0.127431	-78.361046	26.951
-0.105505	-78.356626	26.945
-0.11106	-78.352196	27.009
-0.135359	-78.340774	27.285
-0.152646	-78.350367	27.226
-0.1723	-78.361057	27.185
-0.195404	-78.373883	27.208
-0.214885	-78.386288	27.2
-0.225314	-78.392351	27.239
-0.122076	-78.34669	27.155
-0.124061	-78.341774	27.253
-0.130907	-78.345539	27.147
-0.139188	-78.356338	27.038
-0.142473	-78.350874	27.052
-0.162334	-78.371673	27.171
-0.165631	-78.365325	27.146
-0.185319	-78.384386	27.149
-0.192642	-78.379399	27.176
-0.212152	-78.399828	27.161
-0.215821	-78.393695	27.17
-0.219564	-78.396343	27.201
-0.224772	-78.397026	27.241
-0.222028	-78.404415	27.206
-0.23028	-78.433633	27.232
-0.206013	-78.423594	27.162
-0.208968	-78.418407	27.167
-0.182022	-78.410895	27.14
-0.183818	-78.404783	27.131
-0.151666	-78.391702	27.131
-0.155097	-78.389505	27.157
-0.132947	-78.383863	27.059
-0.114926	-78.367124	26.96
-0.11046	-78.370683	26.933
-0.089691	-78.359296	26.669
-0.0922	-78.353737	27.199
-0.165317	-78.416866	27.14
-0.186679	-78.438344	27.175
-0.187912	-78.435084	27.183
-0.209168	-78.451312	27.179
-0.210802	-78.446383	27.151
-0.233209	-78.462812	27.337
-0.113887	-78.345807	27.179
-0.133254	-78.356059	27.016
-0.230583	-78.411309	27.257
-0.224759	-78.44804	27.216
-0.227398	-78.44369	27.241
-0.211941	-78.440421	27.227
-0.215789	-78.435215	27.204
-0.184283	-78.426593	27.179
-0.186861	-78.421484	27.179
-0.159078	-78.407036	27.151
-0.153739	-78.410428	27.124
-0.135385	-78.399653	27.21
-0.137916	-78.392548	27.203
-0.11109	-78.386759	27.015
-0.114436	-78.382161	27.042
-0.085984	-78.373073	26.907
-0.088781	-78.368732	26.892
-0.155037	-78.433508	27.231
-0.158367	-78.42762	27.21
-0.178257	-78.44708	27.282
-0.181224	-78.44158	27.209
-0.199052	-78.459781	27.316
-0.203046	-78.450999	27.262
-0.21913	-78.469161	27.312
-0.222513	-78.463998	27.366
-0.23048	-78.466149	27.342
-0.235569	-78.477206	27.367
-0.237772	-78.473001	27.339
-0.105249	-78.391256	27.08
-0.070825	-78.404324	27.068
-0.046538	-78.412125	27.108
-0.050997	-78.424542	27.164
-0.048219	-78.419288	27.121
-0.071471	-78.417576	27.131
-0.069042	-78.410715	27.108
-0.095864	-78.4083	27.14
-0.092591	-78.403002	27.082
-0.140178	-78.390032	27.08
-0.137055	-78.385572	27.084
-0.135948	-78.402586	27.198
-0.094049	-78.416555	27.114
-0.073226	-78.4245	27.183
-0.053223	-78.429964	27.177
-0.044919	-78.441639	27.1
-0.04506	-78.433507	27.172
-0.066106	-78.455239	27.154
-0.052419	-78.45818	27.18
-0.146133	-78.407359	26.973
-0.139801	-78.405508	27.031
-0.13457	-78.416533	27.149
-0.130461	-78.409043	27.164
-0.111114	-78.426288	27.206
-0.107381	-78.419334	27.208
-0.08858	-78.436893	27.239
-0.086432	-78.430702	27.219
-0.066117	-78.445407	27.207
-0.064511	-78.439225	27.331
-0.046921	-78.455664	27.162
-0.049607	-78.446366	27.101
0.013869	-78.465257	27.327
-0.007661	-78.465607	27.211
-0.021749	-78.464513	27.225
-0.06859	-78.463622	27.239
0.010926	-78.456467	27.165
0.010641	-78.450313	27.135
-0.012124	-78.455967	27.161
-0.017369	-78.447642	27.125
-0.024836	-78.455051	27.184
-0.036215	-78.44819	27.094
-0.023583	-78.441346	27.042
-0.018601	-78.436151	27.137
0.001767	-78.441908	27.103
0.004357	-78.433726	27.138
0.011778	-78.442962	27.095
0.020084	-78.443012	27.112
0.018962	-78.434015	27.072
0.018053	-78.413698	27.014
0.000816	-78.416079	27.022
-0.010561	-78.417957	27.027
-0.037388	-78.412347	27.109
-0.194685	-78.503416	27.666
-0.166677	-78.510723	27.752
-0.144166	-78.519065	27.942
-0.126441	-78.525897	27.851
-0.10757	-78.532742	27.716
-0.084468	-78.534199	27.687
-0.071785	-78.53898	27.73
-0.081122	-78.529036	27.761
-0.069121	-78.533475	27.747
-0.065188	-78.52828	27.777
-0.061899	-78.523304	27.564
-0.060791	-78.51808	27.735
-0.168143	-78.420916	27.119
-0.239908	-78.461608	27.364
-0.243454	-78.457869	27.422
-0.228577	-78.371476	27.323
-0.231758	-78.368009	27.372
-0.222819	-78.368865	27.304
-0.225198	-78.362744	27.385
-0.204143	-78.357894	27.285
-0.206926	-78.354777	27.313
-0.181109	-78.346639	27.315
-0.18283	-78.341423	27.35
-0.169864	-78.334424	27.389
-0.156302	-78.333309	27.353
-0.158057	-78.328971	27.381
-0.105493	-78.417424	27.216
-0.086164	-78.424617	27.207
-0.068959	-78.431919	27.273
-0.058169	-78.436034	27.251
-0.036083	-78.443971	27.083
0.016778	-78.421749	27.074
-0.017636	-78.433734	27.064
-0.018634	-78.420267	27.003
-0.044091	-78.430334	27.155
-0.048934	-78.421782	27.13
-0.080147	-78.540956	27.737
-0.076824	-78.536958	27.719
-0.095979	-78.528556	27.756
-0.126877	-78.513859	27.682
-0.168647	-78.512047	27.781
-0.167129	-78.502905	27.705
-0.157631	-78.517038	27.85
-0.129349	-78.528124	27.842
-0.12637	-78.522601	27.769
-0.111716	-78.535669	27.835
-0.105912	-78.531693	27.753
-0.10833	-78.537767	27.849
-0.091142	-78.543567	27.822
-0.089289	-78.537814	27.802
-0.235213	-78.453678	27.336
-0.220795	-78.456518	27.286
-0.222483	-78.45238	27.27
-0.198345	-78.44489	27.133
-0.201558	-78.440533	27.139
-0.170957	-78.429888	27.167
-0.173236	-78.425002	27.139
-0.227451	-78.474096	27.374
-0.210116	-78.463775	27.313
-0.214117	-78.457327	27.288
-0.184998	-78.452651	27.29
-0.189999	-78.44324	27.233
-0.16561	-78.439809	27.245
-0.16896	-78.434169	27.214
0.003248	-78.465501	27.406
-0.031202	-78.463581	27.271
-0.001733	-78.456215	27.168
-0.001393	-78.447751	27.135
-0.036738	-78.454503	27.183
-0.056541	-78.451014	27.145
-0.056556	-78.443695	27.096
-0.011003	-78.44115	27.269
-0.010103	-78.432558	27.114
-0.035551	-78.442059	27.057
-0.034976	-78.434534	27.159
-0.003552	-78.42401	27.048
-0.034374	-78.430741	27.152
-0.035894	-78.423256	27.105
0.026169	-78.437617	27.113
0.024147	-78.482256	27.242
0.014793	-78.481093	27.268
0.003588	-78.439329	27.084
-0.006514	-78.437421	27.071
0.002997	-78.484717	27.3
-0.004838	-78.48341	27.303
-0.11802	-78.525946	27.831
-0.147134	-78.521548	27.864
-0.117249	-78.52831	27.413
-0.134775	-78.523431	27.867
-0.154417	-78.515284	27.883
-0.079384	-78.441348	27.281
-0.099466	-78.430423	27.204
-0.097448	-78.426025	27.224
-0.122116	-78.422684	27.256
-0.118685	-78.415684	27.117
-0.095886	-78.421264	27.171
-0.077691	-78.428711	27.263
-0.177828	-78.507716	27.773
-0.169974	-78.502353	27.682
-0.304204	-78.495464	27.383
-0.325805	-78.453028	27.236
-0.35759	-78.46572	27.328
-0.313397	-78.472271	27.217
-0.249033	-78.521883	27.543
-0.285264	-78.520734	27.514
-0.199519	-78.47436	27.39
-0.221799	-78.532052	27.729
-0.204983	-78.451001	27.236
-0.251946	-78.548953	27.613
-0.294224	-78.460616	27.19
-0.31336	-78.432116	27.275
-0.313324	-78.443551	27.303
-0.306735	-78.440555	27.267
-0.30001	-78.465153	27.266
-0.305569	-78.427665	27.271
-0.301366	-78.421848	27.28
-0.296201	-78.431581	27.265
-0.275641	-78.448313	27.261
-0.301667	-78.487484	27.321
-0.302349	-78.48023	27.282
-0.317019	-78.488584	27.319
-0.324622	-78.48026	27.297
-0.35711	-78.486503	27.343
-0.358771	-78.480705	27.334
-0.326316	-78.458645	27.249
-0.312341	-78.459672	27.266
-0.301766	-78.452785	27.279
-0.356565	-78.459487	27.308
-0.323763	-78.473152	27.303
-0.323177	-78.466632	27.253
-0.171662	-78.439563	27.217
-0.192162	-78.451728	27.256
-0.196215	-78.445832	27.182
-0.224258	-78.499216	27.469
-0.22584	-78.492487	27.466
-0.193092	-78.490281	27.507
-0.195414	-78.484095	27.465
-0.157822	-78.499889	27.604
-0.186366	-78.517422	27.716
-0.188547	-78.510721	27.734
-0.218069	-78.52626	27.662
-0.21715	-78.519434	27.681
-0.193044	-78.475467	27.391
-0.198377	-78.467846	27.343
-0.163103	-78.465854	27.299
-0.163935	-78.458236	27.267
-0.219692	-78.512235	27.581
-0.221115	-78.506273	27.559
-0.192702	-78.496916	27.589
-0.158654	-78.494249	27.613
-0.158422	-78.487321	27.49
-0.249162	-78.484541	27.403
-0.251824	-78.47925	27.377
-0.230377	-78.476772	27.379
-0.236097	-78.472806	27.364
-0.20242	-78.463194	27.327
-0.165329	-78.450321	27.266
-0.240406	-78.468058	27.317
-0.20783	-78.457075	27.303
-0.168004	-78.444482	27.258
-0.297637	-78.578833	27.697
-0.296067	-78.572285	27.652
-0.28309	-78.573503	27.655
-0.290716	-78.559619	27.613
-0.293362	-78.565703	27.631
-0.282087	-78.569022	27.635
-0.316579	-78.466487	27.217
-0.285812	-78.454669	27.25
-0.256479	-78.442585	27.285
-0.226422	-78.444981	27.237
-0.24762	-78.454076	27.352
-0.250683	-78.446201	27.293
-0.281009	-78.466283	27.27
-0.280216	-78.460443	27.268
-0.307458	-78.499336	27.368
-0.276086	-78.48823	27.316
-0.247794	-78.477809	27.357
-0.215388	-78.507008	27.605
-0.308933	-78.493759	27.33
-0.276263	-78.481527	27.289
-0.278587	-78.473731	27.25
-0.246959	-78.469711	27.362
-0.249854	-78.464081	27.32
-0.224223	-78.45841	27.32
-0.228945	-78.451917	27.248
-0.219702	-78.497027	27.477
-0.221896	-78.487566	27.445
-0.24099	-78.496154	27.392
-0.25226	-78.508717	27.48
-0.305064	-78.52756	27.484
-0.303458	-78.521101	27.509
-0.303978	-78.511298	27.442
-0.305854	-78.507464	27.463
-0.272467	-78.503352	27.431
-0.274082	-78.495355	27.386
-0.239997	-78.48754	27.413
-0.242959	-78.482684	27.379
-0.227507	-78.48593	27.416
-0.239009	-78.479026	27.354
-0.26488	-78.572664	27.856
-0.267719	-78.567555	27.841
-0.240226	-78.554163	27.841
-0.244154	-78.55067	27.674
-0.219253	-78.53596	27.777
-0.206274	-78.527363	27.806
-0.207678	-78.522589	27.757
-0.226366	-78.528344	27.726
-0.207149	-78.482004	27.399
-0.210627	-78.476281	27.364
-0.225971	-78.487865	27.447
-0.227284	-78.482871	27.404
-0.236732	-78.490206	27.398
-0.236779	-78.484482	27.414
-0.238105	-78.540205	27.668
-0.282	-78.558365	27.616
-0.30217	-78.566599	27.647
-0.187854	-78.475302	27.384
-0.255892	-78.543905	27.626
-0.288568	-78.543356	27.533
-0.255828	-78.539724	27.604
-0.258269	-78.533759	27.582
-0.22648	-78.520397	27.672
-0.213168	-78.522315	27.726
-0.215674	-78.51637	27.684
-0.2047	-78.528936	27.722
-0.213788	-78.532963	27.463
-0.314254	-78.581099	27.717
-0.319313	-78.504069	27.367
-0.318276	-78.496042	27.341
-0.308658	-78.525495	27.507
-0.30729	-78.518015	27.501
-0.318187	-78.434984	27.295
-0.303276	-78.435374	27.245
-0.287856	-78.457453	27.167
-0.280389	-78.455277	27.255
-0.296201	-78.418407	27.31
-0.290091	-78.4277	27.275
-0.190883	-78.504456	27.622
-0.158692	-78.479815	27.421
-0.256234	-78.471523	27.305
-0.220131	-78.500108	27.496
-0.2517	-78.514024	27.525
-0.2818	-78.534485	27.52
-0.281094	-78.526719	27.511
-0.313856	-78.547617	27.541
-0.31462	-78.539589	27.557
-0.232922	-78.480399	27.391
-0.130431	-78.560654	27.641
-0.283164	-78.550224	27.562
-0.274698	-78.538801	27.552
-0.225381	-78.52607	27.714
-0.358771	-78.495226	27.347
-0.222588	-78.371172	27.263
-0.228524	-78.431106	27.275
-0.31109	-78.479125	27.31
-0.309374	-78.485581	27.336
-0.216337	-78.457682	27.282
-0.222564	-78.455956	27.279
-0.214507	-78.426864	27.158
-0.223454	-78.427524	27.215
-0.214785	-78.400618	27.196
-0.216051	-78.373954	27.235
-0.223095	-78.354801	27.384
-0.217637	-78.356041	27.364
-0.230476	-78.355715	27.423
-0.228204	-78.362929	27.381
-0.235146	-78.360715	27.419
-0.228577	-78.371476	27.323
-0.23655	-78.370261	27.319
-0.230603	-78.400524	27.202
-0.236425	-78.400688	27.045
-0.228524	-78.431106	27.274
-0.23616	-78.432728	27.235
-0.23492	-78.45907	27.342
-0.291403	-78.486132	27.225
-0.261282	-78.475108	27.287
-0.263124	-78.468503	27.097
-0.232709	-78.455813	27.306
-0.296096	-78.472667	27.282
-0.299245	-78.466921	27.252
-0.265972	-78.46043	27.288
-0.267172	-78.45387	27.278
-0.234236	-78.448654	27.304
-0.234872	-78.443718	27.262
-0.300893	-78.459642	27.248
-0.272192	-78.446719	27.295
-0.236146	-78.43436	27.359
-0.258008	-78.567512	27.845
-0.263654	-78.564047	27.845
-0.229669	-78.54816	27.846
-0.234038	-78.542098	27.7
-0.26667	-78.558902	27.809
-0.302151	-78.558375	27.623
-0.304951	-78.550906	27.561
-0.270251	-78.545295	27.591
-0.239185	-78.533576	27.811
-0.242312	-78.527284	27.768
-0.299939	-78.542153	27.56
-0.302061	-78.533817	27.525
-0.263504	-78.527971	27.536
-0.267347	-78.520077	27.485
-0.231558	-78.514691	27.583
-0.284969	-78.514049	27.496
-0.271132	-78.515014	27.501
-0.257318	-78.502208	27.433
-0.238986	-78.50509	27.504
-0.290801	-78.508124	27.483
-0.288056	-78.500751	27.386
-0.256527	-78.488873	27.395
-0.288107	-78.491065	27.336
-0.260373	-78.482037	27.395
-0.301757	-78.58426	27.727
-0.310919	-78.57378	27.691
-0.309514	-78.569359	27.668
-0.317793	-78.556968	27.631
-0.321023	-78.518371	27.469
-0.307714	-78.451457	27.282
-0.300436	-78.451226	27.239
-0.2951	-78.446253	27.247
-0.288425	-78.442628	27.246
-0.281768	-78.439263	27.267
-0.120176	-78.355428	26.994
-0.104456	-78.358776	26.969
-0.103209	-78.35357	26.976
-0.033959	-78.341899	27.117
-0.038936	-78.336379	27.114
-0.04439	-78.353013	27.059
-0.052276	-78.350561	27.038
-0.096467	-78.351675	27.076
-0.087567	-78.343991	27.139
-0.062948	-78.307928	27.322
-0.058253	-78.348225	27.085
-0.063164	-78.343081	27.112
-0.03607	-78.30161	27.277
-0.087225	-78.364655	26.885
-0.091048	-78.357508	27.116
-0.08458	-78.347981	27.088
-0.071176	-78.341822	27.057
-0.076158	-78.336609	27.132
-0.064466	-78.320018	27.217
-0.051231	-78.314044	27.269
-0.05676	-78.30956	27.313
-0.041389	-78.30164	27.366
-0.046125	-78.296356	27.433
-0.078419	-78.330108	27.188
-0.118726	-78.34952	27.121
-0.098465	-78.299237	27.518
-0.101591	-78.291319	27.567
-0.085087	-78.294995	27.652
-0.088347	-78.288137	27.715
-0.041425	-78.282505	27.531
-0.2879	-78.436512	27.325
-0.295593	-78.436348	27.371
-0.288816	-78.40018	27.419
-0.295724	-78.399182	27.369
-0.28889	-78.390837	27.427
-0.298319	-78.393011	27.405
-0.327469	-78.369922	27.661
-0.334959	-78.368159	27.692
-0.302377	-78.403783	27.462
-0.301146	-78.391871	27.514
-0.303048	-78.384538	27.566
-0.271464	-78.381199	27.494
-0.274076	-78.374722	27.532
-0.237677	-78.369306	27.493
-0.243142	-78.363778	27.556
-0.301329	-78.366593	27.662
-0.306904	-78.363287	27.609
-0.305222	-78.378672	27.607
-0.308915	-78.372129	27.514
-0.276129	-78.367383	27.577
-0.277397	-78.362232	27.617
-0.242831	-78.356777	27.462
-0.246366	-78.350962	27.538
-0.293015	-78.389694	27.419
-0.135626	-78.354103	26.987
-0.137515	-78.346657	27.183
-0.077261	-78.321173	27.265
-0.079455	-78.314549	27.311
-0.090168	-78.326283	27.247
-0.092374	-78.319534	27.294
-0.120217	-78.334412	27.208
-0.121053	-78.327938	27.244
-0.138692	-78.340243	27.232
-0.150766	-78.344466	27.234
-0.09095	-78.350371	27.201
-0.03383	-78.325519	27.147
-0.081835	-78.368208	26.896
-0.039282	-78.32284	27.168
-0.074958	-78.373662	26.977
-0.032914	-78.311868	27.299
-0.044318	-78.317396	27.215
-0.03653	-78.307889	27.343
-0.062478	-78.378028	27
-0.070483	-78.375121	27.001
-0.062077	-78.334887	27.133
-0.09865	-78.33537	27.207
-0.091545	-78.342136	27.157
-0.120373	-78.34149	27.183
-0.068516	-78.316299	27.267
-0.129979	-78.330458	27.289
-0.138126	-78.331006	27.218
-0.16658	-78.341544	27.323
-0.101655	-78.284613	27.693
-0.100861	-78.276348	27.761
-0.126779	-78.292161	27.657
-0.129304	-78.286168	27.745
-0.135578	-78.294446	27.584
-0.137209	-78.288221	27.727
-0.148437	-78.299101	27.635
-0.149733	-78.291315	27.745
-0.180532	-78.308281	27.66
-0.181342	-78.300154	27.785
-0.212525	-78.31697	27.669
-0.20913	-78.310716	27.763
-0.182363	-78.336118	27.419
-0.182566	-78.328977	27.458
-0.168585	-78.33392	27.426
-0.173234	-78.327412	27.451
-0.141509	-78.325628	27.325
-0.145496	-78.319261	27.405
-0.132468	-78.322954	27.439
-0.133197	-78.31674	27.463
-0.122093	-78.320676	27.425
-0.12365	-78.313473	27.378
-0.095248	-78.312487	27.366
-0.097138	-78.304537	27.492
-0.068826	-78.305016	27.396
-0.067208	-78.296123	27.495
-0.037432	-78.294457	27.439
-0.037982	-78.287739	27.419
-0.203396	-78.328534	27.524
-0.205434	-78.323001	27.597
-0.174953	-78.321968	27.484
-0.177506	-78.31584	27.595
-0.144509	-78.311232	27.488
-0.14579	-78.304548	27.549
-0.132959	-78.308024	27.484
-0.135484	-78.302323	27.615
-0.126583	-78.30729	27.431
-0.126301	-78.299337	27.583
-0.086958	-78.501354	27.582
-0.108476	-78.474817	27.419
0.031155	-78.345911	27.587
-0.054218	-78.464595	27.24
-0.06881	-78.439944	27.344
0.002997	-78.484717	27.3
-0.033922	-78.451269	27.159
-0.11547	-78.571721	27.958
-0.2501	-78.587176	27.885
-0.138102	-78.542609	27.97
-0.158686	-78.511704	27.846
-0.241382	-78.284773	28.276
-0.305909	-78.344093	27.785
-0.319476	-78.270688	28.458
-0.010327	-78.332787	27.23
-0.032914	-78.311868	27.298
-0.146026	-78.44532	27.208
-0.170105	-78.419688	27.109
-0.248981	-78.530902	27.609
-0.273525	-78.495909	27.394
-0.058819	-78.490047	27.376
0.017859	-78.431869	27.022
0.003373	-78.540839	27.383
-0.035392	-78.523808	27.856
-0.109338	-78.577123	27.885
-0.384523	-78.519734	27.434
-0.307402	-78.48705	27.27
-0.327119	-78.450624	27.262
-0.23671	-78.417097	27.251
-0.138641	-78.434466	27.179
-0.154926	-78.385568	27.097
-0.046862	-78.402187	27.123
-0.065735	-78.357101	26.998
0.037484	-78.367261	27.401
0.012838	-78.323511	27.233
0.004972	-78.293756	27.575
-0.087059	-78.324292	27.168
-0.099196	-78.281772	27.673
-0.156111	-78.342899	27.258
-0.158954	-78.294218	27.775
-0.249847	-78.379028	27.276
-0.240195	-78.330629	27.652